1312898699498160087
1312898699923203396
1312898700222300340
1312898700408110049
1312898700446174079
1312898701380537706
1312898701753869207
1312898701929455737
1312898702259648298
1312898702283579085
1312898702495696844
1312898702544918790
1312898702558510781
1312898702573818072
1312898702717863304
1312898702727392216
1312898702785794224
1312898702799430814
1312898702840425489
1312898702847092489
1312898702852262103
1312898702863468166
1312898702882740071
1312898702885272678
1312898702887133459
1312898702896557005
1312898702908282404
1312898702909996774
1312898702976114483
1312898703012748160
1312898703018612334
1312898703026726078
1312898703029968860
1312898703049813468
1312898703058300106
1312898703074443438
1312898703081494008
1312898703084835842
1312898703096253318
1312898703125380801
1312898703126019786
1312898703132994260
1312898703133207996
1312898703139879609
1312898703143993379
1312898703149001144
1312898703166378883
1312898703169634426
1312898703174592520
1312898703183185766
1312898703187104408
1312898703219100284
1312898703236213209
1312898703241458464
1312898703250011922
1312898703262363459
1312898703283232421
1312898703308723557
1312898703311901509
1312898703331653682
1312898703369409907
1312898703372926686
1312898703384690484
1312898703401069855
1312898703402772372
1312898703422898638
1312898704030204967
1312898704100968069
1312898704475775685
1312898704478949402
1312898704488976879
1312898704839290781
1312898704882202098
1312898704920554072
1312898704963051614
1312898705241157410
1312898705319442643
1312898705327275685
1312898705328707608
1312898705363964621
1312898705387338678
1312898705389885769
1312898705451807624
1312898705464462860
1312898705477200849
1312898705518000774
1312898705520898415
1312898705536636349
1312898705544891838
1312898705581088332
1312898705604426313
1312898705608025638
1312898705611290912
1312898705620035256
1312898705633695570
1312898705653799604
1312898705656671432
1312898705669226994
1312898705698862074
1312898705700696687
1312898705719141148
1312898705726600267
1312898705732655836
1312898705750894684
1312898705760899075
1312898705761516184
1312898705792660846
1312898705806462221
1312898705819966395
1312898705829298617
1312898705833171647
1312898705836716031
1312898705837438246
1312898705858156518
1312898705863447352
1312898705887855800
1312898705889055998
1312898705889454329
1312898705889633731
1312898705897276643
1312898705913669075
1312898705918458712
1312898705923999304
1312898705926685877
1312898705946368248
1312898705969384256
1312898706008917865
1312898706169404354
1312898706198736487
1312898706210730771
1312898706331000825
1312898706402043933
1312898706620069622
1312898707107764717
1312898707119710108
1312898707221702398
1312898708928527672
1312898709500454700
